25
33
36
52
58
68
79
84
93
110
116
126
132
151
160
179
183
216
234
256
257
259
260
284
285
290
311
312
314
317
319
328
358
369
380
400
401
427
430
441
442
474
481
500
526
556
571
587
592
593
598
603
604
620
644
647
648
692
701
711
716
724
725
741
782
829
843
846
856
863
877
902
903
917
923
945
949
956
958
970
996
1019
1026
1033
1038
1047
1062
1065
1066
1068
1070
1075
1078
1083
1089
1125
1145
1156
1167
1172
1188
1198
1199
1226
1257
1272
1285
1321
1324
1333
1336
1339
1342
1364
1367
1421
1455
1462
1463
1494
1502
1525
1558
1564
1565
1579
1590
1611
1640
1645
1665
1674
1698
1699
1727
1730
1767
1771
1773
1786
1796
1803
1807
1808
1828
1829
1840
1880
1887
1895
1902
1907
1924
1934
1951
1953
1960
1965
1984
2007
2011
2017
2024
2028
2044
2048
2051
2067
2099
2109
2126
2140
2141
2153
2190
2193
2222
2235
2261
2262
2281
2299
2303
2327
2348
2350
2351
2362
2366
2380
2430
2441
2461
2463
2470
2483
2487
2495
2496
2536
2561
3259
3499
