10
25
33
36
52
53
58
68
79
84
93
110
116
126
132
143
151
153
160
165
171
173
174
179
183
216
217
231
234
255
256
257
259
260
284
285
290
311
312
314
316
317
319
324
328
333
342
351
356
358
365
369
380
386
391
400
401
427
430
441
442
461
474
481
484
489
500
526
556
571
587
592
593
594
598
603
604
611
616
620
629
644
647
648
659
686
692
701
711
716
724
725
731
735
741
782
785
790
793
829
834
843
846
856
863
869
877
881
902
903
916
917
923
938
945
949
956
958
970
971
993
996
1019
1026
1033
1038
1047
1062
1064
1065
1066
1068
1070
1075
1078
1083
1089
1091
1125
1145
1146
1156
1165
1167
1172
1188
1197
1198
1199
1226
1255
1257
1272
1285
1290
1306
1321
1324
1333
1336
1339
1342
1364
1367
1378
1395
1421
1445
1450
1455
1462
1463
1485
1494
1502
1525
1544
1558
1564
1565
1579
1590
1611
1640
1643
1645
1649
1657
1665
1673
1674
1698
1699
1727
1730
1767
1771
1773
1786
1796
1803
1807
1808
1828
1829
1840
1880
1887
1895
1898
1902
1904
1907
1924
1934
1951
1953
1960
1961
1964
1965
1976
1980
1984
2007
2011
2017
2024
2028
2044
2048
2051
2067
2076
2091
2099
2101
2109
2111
2126
2127
2138
2140
2141
2153
2175
2180
2188
2190
2193
2197
2203
2222
2235
2261
2262
2280
2281
2299
2303
2305
2324
2327
2338
2345
2346
2348
2350
2351
2362
2366
2380
2430
2431
2441
2449
2461
2463
2470
2483
2487
2495
2496
2511
2534
2536
2539
2560
2561
3259
3499
