25
33
36
52
53
58
79
84
116
126
132
143
151
153
160
173
174
183
231
234
255
256
260
284
285
312
316
319
324
328
358
380
386
391
401
427
430
441
474
481
484
500
526
571
587
594
598
616
620
629
644
648
659
686
701
711
725
731
735
741
782
785
829
834
843
856
869
877
881
902
903
916
923
945
949
956
958
971
996
1026
1038
1047
1062
1065
1068
1078
1083
1089
1091
1145
1156
1165
1167
1188
1197
1199
1226
1255
1257
1285
1321
1324
1336
1339
1364
1445
1450
1463
1494
1544
1558
1564
1565
1579
1645
1657
1673
1698
1727
1730
1767
1771
1786
1796
1803
1808
1828
1840
1898
1902
1904
1934
1953
1960
1961
1976
1984
2007
2011
2024
2028
2051
2067
2076
2091
2099
2109
2111
2126
2127
2140
2175
2180
2188
2193
2235
2261
2262
2303
2327
2338
2345
2346
2350
2351
2362
2366
2380
2441
2449
2463
2495
2536
3259
