25
36
52
58
68
84
93
110
116
126
132
143
151
153
160
173
174
179
183
216
217
255
256
260
284
285
311
312
314
316
324
333
358
365
380
386
391
401
427
430
442
461
481
484
489
571
587
592
594
598
604
620
629
644
647
648
686
692
724
731
735
782
790
829
834
843
846
863
869
881
917
923
938
945
956
958
970
996
1019
1026
1038
1047
1064
1065
1068
1070
1083
1089
1091
1125
1167
1188
1197
1257
1285
1290
1306
1321
1324
1333
1364
1367
1378
1395
1421
1445
1455
1462
1463
1494
1502
1544
1565
1579
1590
1643
1649
1665
1673
1674
1698
1699
1727
1730
1771
1796
1828
1829
1840
1895
1898
1902
1904
1907
1924
1934
1951
1953
1960
1976
1980
1984
2007
2011
2017
2024
2048
2067
2091
2099
2101
2111
2126
2127
2140
2153
2188
2190
2197
2203
2261
2262
2281
2299
2324
2338
2346
2348
2350
2362
2366
2380
2430
2441
2461
2470
2487
2495
2534
2536
2560
2561
3259
