33
36
52
53
58
79
116
126
132
151
153
173
174
183
234
255
256
260
285
312
316
319
324
328
358
386
391
401
427
430
441
474
571
587
594
598
616
620
629
644
686
701
711
725
731
741
782
785
843
856
869
902
903
916
945
949
958
996
1026
1038
1047
1062
1065
1068
1078
1083
1091
1145
1165
1167
1188
1197
1199
1226
1255
1257
1285
1321
1324
1336
1364
1445
1463
1494
1544
1558
1564
1565
1579
1645
1657
1673
1698
1727
1730
1767
1771
1786
1796
1803
1808
1828
1840
1898
1904
1934
1953
1960
1976
2007
2011
2028
2051
2067
2076
2091
2099
2109
2126
2127
2175
2180
2261
2262
2303
2345
2346
2350
2351
2362
2380
2441
2449
2463
2536
3259
