25
33
36
52
53
58
93
110
116
126
132
151
160
179
183
216
217
257
259
260
284
285
290
311
312
314
316
319
324
328
333
351
365
380
386
401
427
430
441
442
461
481
484
526
571
587
592
593
594
603
604
611
629
647
648
659
686
701
711
716
724
725
731
782
785
790
834
843
846
856
863
869
877
902
903
917
923
945
949
956
958
970
996
1019
1026
1033
1038
1047
1062
1065
1066
1068
1070
1075
1078
1083
1089
1125
1145
1156
1167
1172
1188
1198
1199
1226
1257
1272
1285
1321
1324
1333
1336
1339
1342
1364
1367
1421
1455
1462
1463
1494
1502
1525
1558
1564
1565
1579
1590
1611
1640
1645
1665
1674
1698
1699
1727
1730
1767
1771
1773
1786
1796
1803
1807
1808
1828
1829
1840
1880
1887
1895
1902
1907
1924
1934
1951
1953
1960
1965
1984
2007
2011
2017
2024
2044
2048
2051
2067
2076
2101
2111
2127
2141
2153
2193
2197
2235
2261
2262
2280
2299
2303
2305
2338
2345
2350
2351
2362
2366
2380
2430
2431
2449
2463
2470
2483
2487
2495
2496
2511
2539
2560
