58
110
116
132
143
151
153
173
216
290
312
316
328
333
342
358
365
386
391
401
474
481
489
594
644
647
686
701
711
716
724
725
731
785
843
869
877
916
949
958
996
1019
1033
1047
1062
1064
1065
1066
1068
1075
1078
1083
1089
1165
1167
1188
1199
1255
1257
1306
1321
1336
1364
1367
1445
1502
1525
1579
1590
1611
1645
1657
1727
1730
1767
1771
1773
1786
1808
1828
1829
1840
1898
1904
1907
1964
1965
2007
2017
2044
2048
2091
2109
2140
2141
2180
2193
2262
2303
2327
2338
2346
2350
2351
2430
2431
2461
2470
2495
2511
2536
2539
2560
3499
