25
36
53
58
79
110
116
151
153
171
173
179
217
234
255
260
285
311
312
314
316
328
351
358
369
380
386
391
427
474
484
616
620
629
644
647
648
659
686
716
724
725
731
793
846
869
877
903
916
958
971
996
1019
1033
1047
1062
1064
1065
1066
1068
1075
1078
1083
1089
1156
1165
1172
1198
1226
1255
1257
1272
1290
1336
1342
1364
1367
1450
1463
1502
1525
1564
1590
1611
1698
1730
1767
1796
1803
1808
1880
1887
1895
1934
1953
1960
1965
1976
1980
2048
2091
2101
2109
2141
2190
2193
2261
2262
2303
2327
2345
2346
2348
2350
2351
2431
2470
2495
2534
2560
